Total pixels: 82992
Unique colors: 216
Most common colors (RGBA):
(255, 255, 255, 0): 68867
(255, 255, 255, 254): 6976
(255, 255, 255, 253): 952
(255, 255, 255, 251): 372
(255, 255, 255, 250): 233
(255, 255, 255, 249): 180
(255, 255, 255, 248): 156
(255, 255, 255, 247): 137
(255, 255, 255, 244): 120
(255, 255, 255, 243): 109
(255, 255, 255, 246): 105
(255, 255, 255, 242): 105
(255, 255, 255, 255): 100
(255, 255, 255, 241): 94
(255, 255, 255, 240): 85
(255, 255, 255, 238): 77
(255, 255, 255, 237): 74
(255, 255, 255, 234): 74
(255, 255, 255, 1): 73
(255, 255, 255, 236): 61
(255, 255, 255, 6): 57
(255, 255, 255, 232): 56
(255, 255, 255, 235): 55
(255, 255, 255, 2): 51
(255, 255, 255, 7): 45
(255, 255, 255, 4): 45
(255, 255, 255, 5): 44
(255, 255, 255, 228): 43
(255, 255, 255, 14): 42
(255, 255, 255, 216): 40
(255, 255, 255, 8): 39
(255, 255, 255, 230): 38
(255, 255, 255, 229): 38
(255, 255, 255, 221): 37
(255, 255, 255, 210): 35
(255, 255, 255, 213): 35
(255, 255, 255, 224): 34
(255, 255, 255, 19): 33
(255, 255, 255, 9): 32
(255, 255, 255, 227): 32
(255, 255, 255, 225): 32
(255, 255, 255, 20): 32
(255, 255, 255, 11): 31
(255, 255, 255, 222): 31
(255, 255, 255, 17): 31
(255, 255, 255, 12): 30
(255, 255, 255, 231): 30
(255, 255, 255, 21): 30
(255, 255, 255, 15): 30
(255, 255, 255, 25): 30
